92
395 香烤羊排x3 49 0
642 香烤羊排x2 33 0
371 黑椒鸡排 18 0
354 蒜香鸡排 18 0
602 蒜香黄油风味牛排 49 0
603 黑椒酱汁风味牛排 49 0
649 酱h汉堡 19 0
620 意式汉堡 20 0
1210 蒜香西兰花 7 3
1211 蒜香油麦菜 7 3
1212 圆椒炒鸡肉 10 3
1295 蒜香炒包菜 7 3
1204 QQ薯角 7 3
1236 海带丝 7 3
1224 烤菠菜 8 3
1226 烤玉米 7 3
1229 芝士烤玉米 9 3
1402 芝士肉酱h饭 22 1
1403 肉酱h饭 18 1 
1404 鸡排烤饭 20 1
1405 蒜香鸡肉培根芝士烤饭 18 1
1406 海鲜烤饭 18 1
1407 海鲜奶油h烟斗形通心面 22 1
1408 肉酱h意面 18 1
1410 海鲜h意面 18 1
1411 肉酱h饭配温泉蛋 22 1
1415 芝士香烤鸡肉h饭 22 1
1416 香烤鸡肉h饭 18 1
1501 肉酱意面 14 1
1505 青酱汁意面 14 1
1507 香肠油麦菜意面 14 1
1511 西兰花鸡肉奶油意面 18 1
1509 番茄海鲜意面 22 1
1512 墨鱼汁意面 18 1
1513 黑椒牛柳意面 18 1
1514 蒜香风味海鲜意面 18 1
1515 牛肉大满足肉酱意面 22 1
1516 番茄蒜香金枪鱼意面 18 1
1518 麻辣肉酱意面 14 1
1519 蔬菜蒜香意面 14 1
1521 肉酱意面 15 1
1520 明太子奶油意面 18 1
1523 蒜香茄汁菌菇金枪鱼意面 18 1
1524 黑松露酱菌菇鸡肉奶油意面 22 1
1532 海鲜蒜香意面 18 1
1533 芝士番茄培根意面 14 1
1534 培根菌菇蒜香意面 14 1
1208 意式茄红鸡翅x5 26 2
1209 本色烤全鱿 20 0
1213 茄红鸡腿排 16 2
1214 香草鸡腿排 16 2
1217 烤羊肉串 20 2
1220 蒜香风味炸鸡块 16 2
1225 意式茄红鸡翅x4 22 2
1230 人气小吃拼盘1 32 2
1273 人气小食拼盘2 26 2
1275 芝士奶油土豆泥 13 2
1293 芝士培根h土豆 16 2
1116 蘑菇汤 9 3
1114 花蛤裙菜海鲜汤 8 3
1117 番茄蔬菜汤 9 3
1115 玉米汤 9 3
1001 凯撒沙拉 11 3
1004 金枪鱼沙拉 11 3
1010 海带丝沙拉 9 3
1003 甜玉米沙拉 9 3
1008 水果沙拉 9 3
1005 鸡肉沙拉 12 3
1715 树莓果酱冰淇淋 8 4
1717 激情果粒 8 4
1713 芒果布丁 8 4
1720 巧克力酱冰淇淋 8 4
1725 提拉米苏蛋糕 16 4
1719 焦糖布丁 16 4
1907 麒麟啤酒 10 4
1726 草莓千层蛋糕 16 4
1728 华夫饼配巧克力酱冰淇淋 12 4
1729 华夫饼配树莓果酱冰淇淋 12 4
1609 大满足拼盘1 39 0
1607 大满足拼盘2 49 0
1610 大满足拼盘3 49 0
1387 榴莲小披萨 21 0
1390 双重芝士小披萨 15 0
1382 水果小披萨 13 0
1380 培根菠萝小披萨 13 0
1383 培根薯角小披萨 13 0
1389 香肠小披萨 14 0
1392 黑松露酱菌菇鸡肉奶油小披萨 21 0
1237 肉酱菠菜芝士烤温泉蛋 16 2
1234 香草五目肠 16 2
1243 果熏香辣肠 16 2
1235 鱿鱼花蛤拼盘 26 0